----------------
Misadjustment
----------------
X(3, 2)
 -1.3846 -1.3868;
 2.5714 2.5342;
 0.1682 0.1674;

------
Rxx
------
X(12, 12)
 11.9509 10.9518 9.9530 8.9546 7.9567 6.9589 5.9620 4.9654 3.9684 2.9716 1.9749 0.9785;
 10.9518 11.9509 10.9518 9.9530 8.9546 7.9567 6.9589 5.9620 4.9654 3.9684 2.9716 1.9749;
 9.9530 10.9518 11.9509 10.9518 9.9530 8.9546 7.9567 6.9589 5.9620 4.9654 3.9684 2.9716;
 8.9546 9.9530 10.9518 11.9509 10.9518 9.9530 8.9546 7.9567 6.9589 5.9620 4.9654 3.9684;
 7.9567 8.9546 9.9530 10.9518 11.9509 10.9518 9.9530 8.9546 7.9567 6.9589 5.9620 4.9654;
 6.9589 7.9567 8.9546 9.9530 10.9518 11.9509 10.9518 9.9530 8.9546 7.9567 6.9589 5.9620;
 5.9620 6.9589 7.9567 8.9546 9.9530 10.9518 11.9509 10.9518 9.9530 8.9546 7.9567 6.9589;
 4.9654 5.9620 6.9589 7.9567 8.9546 9.9530 10.9518 11.9509 10.9518 9.9530 8.9546 7.9567;
 3.9684 4.9654 5.9620 6.9589 7.9567 8.9546 9.9530 10.9518 11.9509 10.9518 9.9530 8.9546;
 2.9716 3.9684 4.9654 5.9620 6.9589 7.9567 8.9546 9.9530 10.9518 11.9509 10.9518 9.9530;
 1.9749 2.9716 3.9684 4.9654 5.9620 6.9589 7.9567 8.9546 9.9530 10.9518 11.9509 10.9518;
 0.9785 1.9749 2.9716 3.9684 4.9654 5.9620 6.9589 7.9567 8.9546 9.9530 10.9518 11.9509;

