-----------
coef fix
-----------
X(10, 3)
 1.0000 0.0000 0.0000;
 1.0000 -0.0161 -0.0130;
 1.0000 -0.0168 -0.0472;
 1.0000 0.0048 -0.0518;
 1.0000 0.0320 -0.0831;
 1.0000 0.0504 -0.0561;
 1.0000 -0.0231 0.0466;
 1.0000 0.0630 0.1069;
 1.0000 0.0568 0.1192;
 1.0000 0.0796 0.1457;

-----------
free fix
-----------
X(10, 3)
 1.0000 0.0000 0.0000;
 0.9860 -0.0161 -0.0130;
 0.9611 -0.0167 -0.0435;
 0.9687 0.0134 -0.0499;
 0.9322 0.0369 -0.0769;
 0.9053 0.0609 -0.0419;
 0.8471 0.0034 0.0384;
 0.7149 0.0642 0.0809;
 0.7264 0.0767 0.0558;
 0.7125 0.0843 0.0646;

