-----------
Tensor X
-----------
X(:, :, 1)
  1  2  3;
  4  5  6;
  7  8  9;
  3  2  1;

X(:, :, 2)
  5  6  7;
  8  9  4;
  5  3  2;
  4  5  6;

--------------------
Tensor X (mode-1)
--------------------
X(4, 6)
  1  2  3  5  6  7;
  4  5  6  8  9  4;
  7  8  9  5  3  2;
  3  2  1  4  5  6;

--------------------
Tensor X (mode-2)
--------------------
X(3, 8)
  1  4  7  3  5  8  5  4;
  2  5  8  2  6  9  3  5;
  3  6  9  1  7  4  2  6;

--------------------
Tensor X (mode-3)
--------------------
X(2, 12)
  1  4  7  3  2  5  8  2  3  6  9  1;
  5  8  5  4  6  9  3  5  7  4  2  6;

